58240
58241
58242
58244
58245
58246
58247
58248
58249
58250
58251
58252
58254
58255
58257
58258
58259
58260
58267
58268
58269
58270
58272
58273
58274
58275
58278
58279
58280
58281
58282
58283
58284
58285
58286
58287
58288
58296
58297
58298
58299
58308
58309
58318
58319
58320
58326
58327
58328
58329
58330
58331
58332
58333
58334
58335
58336
58337
58342
58343
58344
58345
58346
58347
58348
58349
58355
58356
58357
58358
58359
58360
58361
58362
58363
58364
58365
58366
58367
58368
58369
58370
58371
58372
58373
58374
58375
58376
58377
58378
58385
58386
58387
58388
58392
58393
58395
58396
58397
58398
58399
58400
58401
58402
58403
58404
58405
58406
58407
58416
58418
58419
58420
58421
58422
58423
58424
58427
58428
58429
58430
58431
58432
58435
58436
58437
58438
58444
58450
58454
58455
58456
58465
58466
58467
58468
58475
58477
58480
58481
58482
58483
58485
58486
58487
58488
58490
58491
58492
58493
58496
58497
58503
58504
58505
58506
58507
58508
58509
58510
58512
58513
58514
58515
58516
58517
58522
58525
58533
58534
58535
58549
58550
58551
58552
58553
58554
58555
58556
58564
58565
58566
58568
58569
58570
58571
58572
58573
58574
58582
58583
58584
58585
58586
58592
58593
58594
58595
58596
58597
58598
58600
58601
58602
58612
58613
58614
58621
58622
58623
58625
58626
58628
58630
58631
58632
58634
58638
58639
58640
58642
58643
58644
58651
58652
58655
58656
58657
58658
58659
58660
58661
58662
58663
58664
58665
58666
58667
58668
58671
58672
58673
58674
58680
58681
58682
58683
58684
58685
58686
58687
58688
58689
58690
58691
58692
58693
58694
58695
58696
58697
58698
58699
58701
58702
58703
58709
58710
58711
58712
58713
58714
58715
58716
58717
58719
58720
58721
58722
58723
58724
58725
58726
58727
58728
58729
58730
58731
58732
58733
58739
58741
58742
58743
58744
58745
58747
58748
58749
58750
58751
58752
58753
58754
58755
58756
58757
58758
58759
58762
58770
58771
58772
58773
58774
58775
58776
58777
58778
58779
58780
58781
58782
58783
58789
58790
58791
58798
58799
58800
58801
58802
58803
58805
58807
58808
58809
58810
58811
58812
58813
58814
58815
58816
58817
58819
58820
58821
58825
58830
58831
58832
58833
58835
58838
58839
58841
58848
58849
58851
58855
58859
58860
58861
58862
58865
58866
58867
58868
58869
58870
58871
58872
58873
58874
58875
58876
58877
58878
58879
58880
58881
58887
58888
58889
58890
58891
58892
58893
58894
58895
58897
58898
58899
58901
58903
58904
58905
58908
58917
58918
58919
58920
58921
58922
58924
58925
58926
58927
58930
58933
58934
58935
58936
58938
58939
58946
58947
58948
58949
58950
58951
58952
58953
58956
58957
58958
58959
58960
58961
58962
58963
58964
58965
58966
58967
58968
58969
58974
58975
58976
58977
58978
58979
58981
58982
58983
58984
58985
58986
58987
58988
58992
58995
59005
59006
59008
59009
59010
59011
59012
59013
59014
59025
59028
59056
59057
59061
59064
59066
59067
59068
59069
59070
59071
59072
59073
59074
59075
59076
59077
59080
59081
59083
59084
59085
59086
59090
59093
59094
59095
59096
59112
59116
59123
59124
59125
59126
59127
59128
59129
59130
59131
59133
59134
59135
59136
59137
59138
59139
59140
59141
59142
59144
59145
59146
59149
59152
59153
59154
59155
59156
59157
59158
59159
59160
59161
59162
59163
59165
59166
59167
59170
59171
59173
59175
59179
59182
59183
59188
59190
59191
59192
59193
59194
59195
59202
59203
59204
59205
59209
59212
59213
59214
59215
59219
59220
59222
59223
59228
59229
59230
59231
59233
59234
59235
59239
59243
59244
59245
59246
59247
59248
59249
59251
59252
59253
59254
59255
59256
59257
59258
59260
59264
59268
59271
59272
59273
59274
59275
59276
59277
59278
59279
59280
59283
59284
59289
59290
59291
59301
59303
59304
59305
59306
59307
59308
59309
59310
59311
59312
59313
59314
59315
59316
59317
59318
59319
59320
59321
59322
59323
59324
59330
59331
59332
59334
59335
59336
59337
59340
59341
59342
59343
59344
59347
59348
59349
59350
59352
59357
59362
59363
59364
59367
59370
59371
59372
59373
59375
59376
59378
59379
59380
59381
59382
59383
59386
59389
59390
59391
59392
59393
59394
59395
59396
59397
59398
59399
59400
59401
59402
59404
59405
59406
59407
59408
59409
59410
59411
59412
59418
59419
59421
59422
59425
59426
59427
59428
59431
59432
59433
59436
59437
59438
59439
59440
59441
59445
59450
59451
59452
59453
59454
59456
59457
59458
59459
59460
59461
59463
59464
59465
59468
59469
59470
59471
59474
59477
59478
59479
59482
59483
59484
59487
59488
59489
59490
59491
59493
59494
59495
59504
59507
59508
59509
59510
59512
59513
59514
59515
59516
59517
59519
59520
59521
59528
59533
59536
59538
59539
59540
59541
59542
59543
59544
59545
59546
59547
59548
59549
59550
59551
59552
59553
59556
59557
59558
59559
59563
59568
59569
59570
59571
59572
59575
59576
59577
59578
59579
59581
59582
59583
59586
59587
59588
59593
59596
59597
59598
59600
59601
59602
59603
59629
59674
